function y = f(x)
 y = 2*3.1415* 1*(2*3.1415- atan((50-x)/300) - atan((x+50)/300))^-1 - x * 2 *3.1415* 1